        6.68701394        7.45978718        9.92488201        8.01277547        8.06336464        8.57059486        7.53604574        6.33264441       10.53345346       10.56984983       10.77527592        7.76075832       10.69871004        9.65220799       10.34038914        9.99462333        9.49840714       10.41376272        9.45344480        9.60263666
        4.99999993        4.99999993        4.99999993        4.99999993        4.99999993        4.99999993        4.99999993        4.99999993        4.99999993        4.99999993        4.99999993        4.99999993        4.99999993        4.99999993        4.99999993        4.99999993        4.99999993        4.99999993        4.99999993        4.99999993
       -0.51666599       -0.51666599       -0.51666599       -0.51666599       -0.51666599       -0.51666599       -0.51666599       -0.51666599       -0.51666599       -0.51666599       -0.51666599       -0.51666599       -0.51666599       -0.51666599       -0.51666599       -0.51666599       -0.51666599       -0.51666599       -0.51666599       -0.51666599
       -0.48333401       -0.48333401       -0.48333401       -0.48333401       -0.48333401       -0.48333401       -0.48333401       -0.48333401       -0.48333401       -0.48333401       -0.48333401       -0.48333401       -0.48333401       -0.48333401       -0.48333401       -0.48333401       -0.48333401       -0.48333401       -0.48333401       -0.48333401
       -0.49072356       -0.49072356       -0.49072356       -0.49072356       -0.49072356       -0.49072356       -0.49072356       -0.49072356       -0.49072356       -0.49072356       -0.49072356       -0.49072356       -0.49072356       -0.49072356       -0.49072356       -0.49072356       -0.49072356       -0.49072356       -0.49072356       -0.49072356
       -0.86135907       -0.59093242       -1.48148923       -0.97023245        0.48574180        0.00652176       -1.15280962       -0.61473220       -0.19337365        0.42674974        0.80123443       -0.29607242        0.01283560       -0.02370235       -1.42211057       -0.52964030       -0.32895366        1.11469040       -0.13612035        0.61517245
       -1.24905656       -1.24905656       -1.24905656       -1.24905656       -1.24905656       -1.24905656       -1.24905656       -1.24905656       -1.24905656       -1.24905656       -1.24905656       -1.24905656       -1.24905656       -1.24905656       -1.24905656       -1.24905656       -1.24905656       -1.24905656       -1.24905656       -1.24905656
       -0.01577560       -0.01366099       -0.02894812       -0.00795518        0.02491105        0.00728696       -0.02788479       -0.01206952       -0.01524135       -0.00627042        0.01909456       -0.01733059       -0.03913843        0.01113369       -0.02257319       -0.00558880        0.01374812        0.03419564        0.00202098        0.02473667
        1.00000000        1.00000000        1.00000000        1.00000000        1.00000000        1.00000000        1.00000000        1.00000000        1.00000000        1.00000000        1.00000000        1.00000000        1.00000000        1.00000000        1.00000000        1.00000000        1.00000000        1.00000000        1.00000000        1.00000000
        0.23333365        0.23333365        0.23333365        0.23333365        0.23333365        0.23333365        0.23333365        0.23333365        0.23333365        0.23333365        0.23333365        0.23333365        0.23333365        0.23333365        0.23333365        0.23333365        0.23333365        0.23333365        0.23333365        0.23333365
        0.73556654        0.73556654        0.73556654        0.73556654        0.73556654        0.73556654        0.73556654        0.73556654        0.73556654        0.73556654        0.73556654        0.73556654        0.73556654        0.73556654        0.73556654        0.73556654        0.73556654        0.73556654        0.73556654        0.73556654
        0.14359996        0.14359996        0.14359996        0.14359996        0.14359996        0.14359996        0.14359996        0.14359996        0.14359996        0.14359996        0.14359996        0.14359996        0.14359996        0.14359996        0.14359996        0.14359996        0.14359996        0.14359996        0.14359996        0.14359996
       -0.01795506       -0.01795506       -0.01795506       -0.01795506       -0.01795506       -0.01795506       -0.01795506       -0.01795506       -0.01795506       -0.01795506       -0.01795506       -0.01795506       -0.01795506       -0.01795506       -0.01795506       -0.01795506       -0.01795506       -0.01795506       -0.01795506       -0.01795506
        0.01036554        0.01036554        0.01036554        0.01036554        0.01036554        0.01036554        0.01036554        0.01036554        0.01036554        0.01036554        0.01036554        0.01036554        0.01036554        0.01036554        0.01036554        0.01036554        0.01036554        0.01036554        0.01036554        0.01036554
       -0.00598308       -0.00598308       -0.00598308       -0.00598308       -0.00598308       -0.00598308       -0.00598308       -0.00598308       -0.00598308       -0.00598308       -0.00598308       -0.00598308       -0.00598308       -0.00598308       -0.00598308       -0.00598308       -0.00598308       -0.00598308       -0.00598308       -0.00598308
        0.00345179        0.00345179        0.00345179        0.00345179        0.00345179        0.00345179        0.00345179        0.00345179        0.00345179        0.00345179        0.00345179        0.00345179        0.00345179        0.00345179        0.00345179        0.00345179        0.00345179        0.00345179        0.00345179        0.00345179
       -0.00198849       -0.00198849       -0.00198849       -0.00198849       -0.00198849       -0.00198849       -0.00198849       -0.00198849       -0.00198849       -0.00198849       -0.00198849       -0.00198849       -0.00198849       -0.00198849       -0.00198849       -0.00198849       -0.00198849       -0.00198849       -0.00198849       -0.00198849
        0.00114044        0.00114044        0.00114044        0.00114044        0.00114044        0.00114044        0.00114044        0.00114044        0.00114044        0.00114044        0.00114044        0.00114044        0.00114044        0.00114044        0.00114044        0.00114044        0.00114044        0.00114044        0.00114044        0.00114044
       -0.00064523       -0.00064523       -0.00064523       -0.00064523       -0.00064523       -0.00064523       -0.00064523       -0.00064523       -0.00064523       -0.00064523       -0.00064523       -0.00064523       -0.00064523       -0.00064523       -0.00064523       -0.00064523       -0.00064523       -0.00064523       -0.00064523       -0.00064523
        0.00041489        0.00041489        0.00041489        0.00041489        0.00041489        0.00041489        0.00041489        0.00041489        0.00041489        0.00041489        0.00041489        0.00041489        0.00041489        0.00041489        0.00041489        0.00041489        0.00041489        0.00041489        0.00041489        0.00041489
       -0.00036804       -0.00036804       -0.00036804       -0.00036804       -0.00036804       -0.00036804       -0.00036804       -0.00036804       -0.00036804       -0.00036804       -0.00036804       -0.00036804       -0.00036804       -0.00036804       -0.00036804       -0.00036804       -0.00036804       -0.00036804       -0.00036804       -0.00036804
        0.00041489        0.00041489        0.00041489        0.00041489        0.00041489        0.00041489        0.00041489        0.00041489        0.00041489        0.00041489        0.00041489        0.00041489        0.00041489        0.00041489        0.00041489        0.00041489        0.00041489        0.00041489        0.00041489        0.00041489
       -0.00064523       -0.00064523       -0.00064523       -0.00064523       -0.00064523       -0.00064523       -0.00064523       -0.00064523       -0.00064523       -0.00064523       -0.00064523       -0.00064523       -0.00064523       -0.00064523       -0.00064523       -0.00064523       -0.00064523       -0.00064523       -0.00064523       -0.00064523
        0.00114044        0.00114044        0.00114044        0.00114044        0.00114044        0.00114044        0.00114044        0.00114044        0.00114044        0.00114044        0.00114044        0.00114044        0.00114044        0.00114044        0.00114044        0.00114044        0.00114044        0.00114044        0.00114044        0.00114044
       -0.00198849       -0.00198849       -0.00198849       -0.00198849       -0.00198849       -0.00198849       -0.00198849       -0.00198849       -0.00198849       -0.00198849       -0.00198849       -0.00198849       -0.00198849       -0.00198849       -0.00198849       -0.00198849       -0.00198849       -0.00198849       -0.00198849       -0.00198849
        0.00345179        0.00345179        0.00345179        0.00345179        0.00345179        0.00345179        0.00345179        0.00345179        0.00345179        0.00345179        0.00345179        0.00345179        0.00345179        0.00345179        0.00345179        0.00345179        0.00345179        0.00345179        0.00345179        0.00345179
       -0.00598308       -0.00598308       -0.00598308       -0.00598308       -0.00598308       -0.00598308       -0.00598308       -0.00598308       -0.00598308       -0.00598308       -0.00598308       -0.00598308       -0.00598308       -0.00598308       -0.00598308       -0.00598308       -0.00598308       -0.00598308       -0.00598308       -0.00598308
        0.01036554        0.01036554        0.01036554        0.01036554        0.01036554        0.01036554        0.01036554        0.01036554        0.01036554        0.01036554        0.01036554        0.01036554        0.01036554        0.01036554        0.01036554        0.01036554        0.01036554        0.01036554        0.01036554        0.01036554
       -0.01795506       -0.01795506       -0.01795506       -0.01795506       -0.01795506       -0.01795506       -0.01795506       -0.01795506       -0.01795506       -0.01795506       -0.01795506       -0.01795506       -0.01795506       -0.01795506       -0.01795506       -0.01795506       -0.01795506       -0.01795506       -0.01795506       -0.01795506
        0.14359996        0.14359996        0.14359996        0.14359996        0.14359996        0.14359996        0.14359996        0.14359996        0.14359996        0.14359996        0.14359996        0.14359996        0.14359996        0.14359996        0.14359996        0.14359996        0.14359996        0.14359996        0.14359996        0.14359996
        0.12147808        0.12147808        0.12147808        0.12147808        0.12147808        0.12147808        0.12147808        0.12147808        0.12147808        0.12147808        0.12147808        0.12147808        0.12147808        0.12147808        0.12147808        0.12147808        0.12147808        0.12147808        0.12147808        0.12147808
        0.03480472        0.03480472        0.03480472        0.03480472        0.03480472        0.03480472        0.03480472        0.03480472        0.03480472        0.03480472        0.03480472        0.03480472        0.03480472        0.03480472        0.03480472        0.03480472        0.03480472        0.03480472        0.03480472        0.03480472
        0.00222657        0.00222657        0.00222657        0.00222657        0.00222657        0.00222657        0.00222657        0.00222657        0.00222657        0.00222657        0.00222657        0.00222657        0.00222657        0.00222657        0.00222657        0.00222657        0.00222657        0.00222657        0.00222657        0.00222657
        0.00074219        0.00074219        0.00074219        0.00074219        0.00074219        0.00074219        0.00074219        0.00074219        0.00074219        0.00074219        0.00074219        0.00074219        0.00074219        0.00074219        0.00074219        0.00074219        0.00074219        0.00074219        0.00074219        0.00074219
        0.00024740        0.00024740        0.00024740        0.00024740        0.00024740        0.00024740        0.00024740        0.00024740        0.00024740        0.00024740        0.00024740        0.00024740        0.00024740        0.00024740        0.00024740        0.00024740        0.00024740        0.00024740        0.00024740        0.00024740
        0.00008246        0.00008246        0.00008246        0.00008246        0.00008246        0.00008246        0.00008246        0.00008246        0.00008246        0.00008246        0.00008246        0.00008246        0.00008246        0.00008246        0.00008246        0.00008246        0.00008246        0.00008246        0.00008246        0.00008246
        0.00002748        0.00002748        0.00002748        0.00002748        0.00002748        0.00002748        0.00002748        0.00002748        0.00002748        0.00002748        0.00002748        0.00002748        0.00002748        0.00002748        0.00002748        0.00002748        0.00002748        0.00002748        0.00002748        0.00002748
        0.00000913        0.00000913        0.00000913        0.00000913        0.00000913        0.00000913        0.00000913        0.00000913        0.00000913        0.00000913        0.00000913        0.00000913        0.00000913        0.00000913        0.00000913        0.00000913        0.00000913        0.00000913        0.00000913        0.00000913
        0.00000296        0.00000296        0.00000296        0.00000296        0.00000296        0.00000296        0.00000296        0.00000296        0.00000296        0.00000296        0.00000296        0.00000296        0.00000296        0.00000296        0.00000296        0.00000296        0.00000296        0.00000296        0.00000296        0.00000296
        0.00000110        0.00000110        0.00000110        0.00000110        0.00000110        0.00000110        0.00000110        0.00000110        0.00000110        0.00000110        0.00000110        0.00000110        0.00000110        0.00000110        0.00000110        0.00000110        0.00000110        0.00000110        0.00000110        0.00000110
        0.00000069        0.00000069        0.00000069        0.00000069        0.00000069        0.00000069        0.00000069        0.00000069        0.00000069        0.00000069        0.00000069        0.00000069        0.00000069        0.00000069        0.00000069        0.00000069        0.00000069        0.00000069        0.00000069        0.00000069
        0.00000110        0.00000110        0.00000110        0.00000110        0.00000110        0.00000110        0.00000110        0.00000110        0.00000110        0.00000110        0.00000110        0.00000110        0.00000110        0.00000110        0.00000110        0.00000110        0.00000110        0.00000110        0.00000110        0.00000110
        0.00000296        0.00000296        0.00000296        0.00000296        0.00000296        0.00000296        0.00000296        0.00000296        0.00000296        0.00000296        0.00000296        0.00000296        0.00000296        0.00000296        0.00000296        0.00000296        0.00000296        0.00000296        0.00000296        0.00000296
        0.00000913        0.00000913        0.00000913        0.00000913        0.00000913        0.00000913        0.00000913        0.00000913        0.00000913        0.00000913        0.00000913        0.00000913        0.00000913        0.00000913        0.00000913        0.00000913        0.00000913        0.00000913        0.00000913        0.00000913
        0.00002748        0.00002748        0.00002748        0.00002748        0.00002748        0.00002748        0.00002748        0.00002748        0.00002748        0.00002748        0.00002748        0.00002748        0.00002748        0.00002748        0.00002748        0.00002748        0.00002748        0.00002748        0.00002748        0.00002748
        0.00008246        0.00008246        0.00008246        0.00008246        0.00008246        0.00008246        0.00008246        0.00008246        0.00008246        0.00008246        0.00008246        0.00008246        0.00008246        0.00008246        0.00008246        0.00008246        0.00008246        0.00008246        0.00008246        0.00008246
        0.00024740        0.00024740        0.00024740        0.00024740        0.00024740        0.00024740        0.00024740        0.00024740        0.00024740        0.00024740        0.00024740        0.00024740        0.00024740        0.00024740        0.00024740        0.00024740        0.00024740        0.00024740        0.00024740        0.00024740
        0.00074219        0.00074219        0.00074219        0.00074219        0.00074219        0.00074219        0.00074219        0.00074219        0.00074219        0.00074219        0.00074219        0.00074219        0.00074219        0.00074219        0.00074219        0.00074219        0.00074219        0.00074219        0.00074219        0.00074219
        0.00222657        0.00222657        0.00222657        0.00222657        0.00222657        0.00222657        0.00222657        0.00222657        0.00222657        0.00222657        0.00222657        0.00222657        0.00222657        0.00222657        0.00222657        0.00222657        0.00222657        0.00222657        0.00222657        0.00222657
        0.03480472        0.03480472        0.03480472        0.03480472        0.03480472        0.03480472        0.03480472        0.03480472        0.03480472        0.03480472        0.03480472        0.03480472        0.03480472        0.03480472        0.03480472        0.03480472        0.03480472        0.03480472        0.03480472        0.03480472
        0.26443346        0.26443346        0.26443346        0.26443346        0.26443346        0.26443346        0.26443346        0.26443346        0.26443346        0.26443346        0.26443346        0.26443346        0.26443346        0.26443346        0.26443346        0.26443346        0.26443346        0.26443346        0.26443346        0.26443346
        0.08122555        0.08122555        0.08122555        0.08122555        0.08122555        0.08122555        0.08122555        0.08122555        0.08122555        0.08122555        0.08122555        0.08122555        0.08122555        0.08122555        0.08122555        0.08122555        0.08122555        0.08122555        0.08122555        0.08122555
        0.10376278        0.10376278        0.10376278        0.10376278        0.10376278        0.10376278        0.10376278        0.10376278        0.10376278        0.10376278        0.10376278        0.10376278        0.10376278        0.10376278        0.10376278        0.10376278        0.10376278        0.10376278        0.10376278        0.10376278
        0.09356960        0.09356960        0.09356960        0.09356960        0.09356960        0.09356960        0.09356960        0.09356960        0.09356960        0.09356960        0.09356960        0.09356960        0.09356960        0.09356960        0.09356960        0.09356960        0.09356960        0.09356960        0.09356960        0.09356960
        0.08184700        0.08184700        0.08184700        0.08184700        0.08184700        0.08184700        0.08184700        0.08184700        0.08184700        0.08184700        0.08184700        0.08184700        0.08184700        0.08184700        0.08184700        0.08184700        0.08184700        0.08184700        0.08184700        0.08184700
        0.06963141        0.06963141        0.06963141        0.06963141        0.06963141        0.06963141        0.06963141        0.06963141        0.06963141        0.06963141        0.06963141        0.06963141        0.06963141        0.06963141        0.06963141        0.06963141        0.06963141        0.06963141        0.06963141        0.06963141
        0.05730205        0.05730205        0.05730205        0.05730205        0.05730205        0.05730205        0.05730205        0.05730205        0.05730205        0.05730205        0.05730205        0.05730205        0.05730205        0.05730205        0.05730205        0.05730205        0.05730205        0.05730205        0.05730205        0.05730205
        0.04508647        0.04508647        0.04508647        0.04508647        0.04508647        0.04508647        0.04508647        0.04508647        0.04508647        0.04508647        0.04508647        0.04508647        0.04508647        0.04508647        0.04508647        0.04508647        0.04508647        0.04508647        0.04508647        0.04508647
        0.03336386        0.03336386        0.03336386        0.03336386        0.03336386        0.03336386        0.03336386        0.03336386        0.03336386        0.03336386        0.03336386        0.03336386        0.03336386        0.03336386        0.03336386        0.03336386        0.03336386        0.03336386        0.03336386        0.03336386
        0.02421227        0.02421227        0.02421227        0.02421227        0.02421227        0.02421227        0.02421227        0.02421227        0.02421227        0.02421227        0.02421227        0.02421227        0.02421227        0.02421227        0.02421227        0.02421227        0.02421227        0.02421227        0.02421227        0.02421227
        0.02073237        0.02073237        0.02073237        0.02073237        0.02073237        0.02073237        0.02073237        0.02073237        0.02073237        0.02073237        0.02073237        0.02073237        0.02073237        0.02073237        0.02073237        0.02073237        0.02073237        0.02073237        0.02073237        0.02073237
        0.02421227        0.02421227        0.02421227        0.02421227        0.02421227        0.02421227        0.02421227        0.02421227        0.02421227        0.02421227        0.02421227        0.02421227        0.02421227        0.02421227        0.02421227        0.02421227        0.02421227        0.02421227        0.02421227        0.02421227
        0.03336386        0.03336386        0.03336386        0.03336386        0.03336386        0.03336386        0.03336386        0.03336386        0.03336386        0.03336386        0.03336386        0.03336386        0.03336386        0.03336386        0.03336386        0.03336386        0.03336386        0.03336386        0.03336386        0.03336386
        0.04508647        0.04508647        0.04508647        0.04508647        0.04508647        0.04508647        0.04508647        0.04508647        0.04508647        0.04508647        0.04508647        0.04508647        0.04508647        0.04508647        0.04508647        0.04508647        0.04508647        0.04508647        0.04508647        0.04508647
        0.05730205        0.05730205        0.05730205        0.05730205        0.05730205        0.05730205        0.05730205        0.05730205        0.05730205        0.05730205        0.05730205        0.05730205        0.05730205        0.05730205        0.05730205        0.05730205        0.05730205        0.05730205        0.05730205        0.05730205
        0.06963141        0.06963141        0.06963141        0.06963141        0.06963141        0.06963141        0.06963141        0.06963141        0.06963141        0.06963141        0.06963141        0.06963141        0.06963141        0.06963141        0.06963141        0.06963141        0.06963141        0.06963141        0.06963141        0.06963141
        0.08184700        0.08184700        0.08184700        0.08184700        0.08184700        0.08184700        0.08184700        0.08184700        0.08184700        0.08184700        0.08184700        0.08184700        0.08184700        0.08184700        0.08184700        0.08184700        0.08184700        0.08184700        0.08184700        0.08184700
        0.09356960        0.09356960        0.09356960        0.09356960        0.09356960        0.09356960        0.09356960        0.09356960        0.09356960        0.09356960        0.09356960        0.09356960        0.09356960        0.09356960        0.09356960        0.09356960        0.09356960        0.09356960        0.09356960        0.09356960
        0.10376278        0.10376278        0.10376278        0.10376278        0.10376278        0.10376278        0.10376278        0.10376278        0.10376278        0.10376278        0.10376278        0.10376278        0.10376278        0.10376278        0.10376278        0.10376278        0.10376278        0.10376278        0.10376278        0.10376278
        0.08122555        0.08122555        0.08122555        0.08122555        0.08122555        0.08122555        0.08122555        0.08122555        0.08122555        0.08122555        0.08122555        0.08122555        0.08122555        0.08122555        0.08122555        0.08122555        0.08122555        0.08122555        0.08122555        0.08122555
        0.12147808        0.12147808        0.12147808        0.12147808        0.12147808        0.12147808        0.12147808        0.12147808        0.12147808        0.12147808        0.12147808        0.12147808        0.12147808        0.12147808        0.12147808        0.12147808        0.12147808        0.12147808        0.12147808        0.12147808
        0.11603027        0.11603027        0.11603027        0.11603027        0.11603027        0.11603027        0.11603027        0.11603027        0.11603027        0.11603027        0.11603027        0.11603027        0.11603027        0.11603027        0.11603027        0.11603027        0.11603027        0.11603027        0.11603027        0.11603027
        0.10598936        0.10598936        0.10598936        0.10598936        0.10598936        0.10598936        0.10598936        0.10598936        0.10598936        0.10598936        0.10598936        0.10598936        0.10598936        0.10598936        0.10598936        0.10598936        0.10598936        0.10598936        0.10598936        0.10598936
        0.09431179        0.09431179        0.09431179        0.09431179        0.09431179        0.09431179        0.09431179        0.09431179        0.09431179        0.09431179        0.09431179        0.09431179        0.09431179        0.09431179        0.09431179        0.09431179        0.09431179        0.09431179        0.09431179        0.09431179
        0.08209439        0.08209439        0.08209439        0.08209439        0.08209439        0.08209439        0.08209439        0.08209439        0.08209439        0.08209439        0.08209439        0.08209439        0.08209439        0.08209439        0.08209439        0.08209439        0.08209439        0.08209439        0.08209439        0.08209439
        0.06971387        0.06971387        0.06971387        0.06971387        0.06971387        0.06971387        0.06971387        0.06971387        0.06971387        0.06971387        0.06971387        0.06971387        0.06971387        0.06971387        0.06971387        0.06971387        0.06971387        0.06971387        0.06971387        0.06971387
        0.05732953        0.05732953        0.05732953        0.05732953        0.05732953        0.05732953        0.05732953        0.05732953        0.05732953        0.05732953        0.05732953        0.05732953        0.05732953        0.05732953        0.05732953        0.05732953        0.05732953        0.05732953        0.05732953        0.05732953
        0.04509560        0.04509560        0.04509560        0.04509560        0.04509560        0.04509560        0.04509560        0.04509560        0.04509560        0.04509560        0.04509560        0.04509560        0.04509560        0.04509560        0.04509560        0.04509560        0.04509560        0.04509560        0.04509560        0.04509560
        0.03336681        0.03336681        0.03336681        0.03336681        0.03336681        0.03336681        0.03336681        0.03336681        0.03336681        0.03336681        0.03336681        0.03336681        0.03336681        0.03336681        0.03336681        0.03336681        0.03336681        0.03336681        0.03336681        0.03336681
        0.02421337        0.02421337        0.02421337        0.02421337        0.02421337        0.02421337        0.02421337        0.02421337        0.02421337        0.02421337        0.02421337        0.02421337        0.02421337        0.02421337        0.02421337        0.02421337        0.02421337        0.02421337        0.02421337        0.02421337
        0.02073305        0.02073305        0.02073305        0.02073305        0.02073305        0.02073305        0.02073305        0.02073305        0.02073305        0.02073305        0.02073305        0.02073305        0.02073305        0.02073305        0.02073305        0.02073305        0.02073305        0.02073305        0.02073305        0.02073305
        0.02421337        0.02421337        0.02421337        0.02421337        0.02421337        0.02421337        0.02421337        0.02421337        0.02421337        0.02421337        0.02421337        0.02421337        0.02421337        0.02421337        0.02421337        0.02421337        0.02421337        0.02421337        0.02421337        0.02421337
        0.03336681        0.03336681        0.03336681        0.03336681        0.03336681        0.03336681        0.03336681        0.03336681        0.03336681        0.03336681        0.03336681        0.03336681        0.03336681        0.03336681        0.03336681        0.03336681        0.03336681        0.03336681        0.03336681        0.03336681
        0.04509560        0.04509560        0.04509560        0.04509560        0.04509560        0.04509560        0.04509560        0.04509560        0.04509560        0.04509560        0.04509560        0.04509560        0.04509560        0.04509560        0.04509560        0.04509560        0.04509560        0.04509560        0.04509560        0.04509560
        0.05732953        0.05732953        0.05732953        0.05732953        0.05732953        0.05732953        0.05732953        0.05732953        0.05732953        0.05732953        0.05732953        0.05732953        0.05732953        0.05732953        0.05732953        0.05732953        0.05732953        0.05732953        0.05732953        0.05732953
        0.06971387        0.06971387        0.06971387        0.06971387        0.06971387        0.06971387        0.06971387        0.06971387        0.06971387        0.06971387        0.06971387        0.06971387        0.06971387        0.06971387        0.06971387        0.06971387        0.06971387        0.06971387        0.06971387        0.06971387
        0.08209439        0.08209439        0.08209439        0.08209439        0.08209439        0.08209439        0.08209439        0.08209439        0.08209439        0.08209439        0.08209439        0.08209439        0.08209439        0.08209439        0.08209439        0.08209439        0.08209439        0.08209439        0.08209439        0.08209439
        0.09431179        0.09431179        0.09431179        0.09431179        0.09431179        0.09431179        0.09431179        0.09431179        0.09431179        0.09431179        0.09431179        0.09431179        0.09431179        0.09431179        0.09431179        0.09431179        0.09431179        0.09431179        0.09431179        0.09431179
        0.10598936        0.10598936        0.10598936        0.10598936        0.10598936        0.10598936        0.10598936        0.10598936        0.10598936        0.10598936        0.10598936        0.10598936        0.10598936        0.10598936        0.10598936        0.10598936        0.10598936        0.10598936        0.10598936        0.10598936
        0.11603027        0.11603027        0.11603027        0.11603027        0.11603027        0.11603027        0.11603027        0.11603027        0.11603027        0.11603027        0.11603027        0.11603027        0.11603027        0.11603027        0.11603027        0.11603027        0.11603027        0.11603027        0.11603027        0.11603027
        0.77182308        0.77182308        0.77182308        0.77182308        0.77182308        0.77182308        0.77182308        0.77182308        0.77182308        0.77182308        0.77182308        0.77182308        0.77182308        0.77182308        0.77182308        0.77182308        0.77182308        0.77182308        0.77182308        0.77182308
        0.39451163        0.39451163        0.39451163        0.39451163        0.39451163        0.39451163        0.39451163        0.39451163        0.39451163        0.39451163        0.39451163        0.39451163        0.39451163        0.39451163        0.39451163        0.39451163        0.39451163        0.39451163        0.39451163        0.39451163
        0.41950429        0.41950429        0.41950429        0.41950429        0.41950429        0.41950429        0.41950429        0.41950429        0.41950429        0.41950429        0.41950429        0.41950429        0.41950429        0.41950429        0.41950429        0.41950429        0.41950429        0.41950429        0.41950429        0.41950429
        0.37576280        0.37576280        0.37576280        0.37576280        0.37576280        0.37576280        0.37576280        0.37576280        0.37576280        0.37576280        0.37576280        0.37576280        0.37576280        0.37576280        0.37576280        0.37576280        0.37576280        0.37576280        0.37576280        0.37576280
        0.32788277        0.32788277        0.32788277        0.32788277        0.32788277        0.32788277        0.32788277        0.32788277        0.32788277        0.32788277        0.32788277        0.32788277        0.32788277        0.32788277        0.32788277        0.32788277        0.32788277        0.32788277        0.32788277        0.32788277
        0.27869055        0.27869055        0.27869055        0.27869055        0.27869055        0.27869055        0.27869055        0.27869055        0.27869055        0.27869055        0.27869055        0.27869055        0.27869055        0.27869055        0.27869055        0.27869055        0.27869055        0.27869055        0.27869055        0.27869055
        0.22926317        0.22926317        0.22926317        0.22926317        0.22926317        0.22926317        0.22926317        0.22926317        0.22926317        0.22926317        0.22926317        0.22926317        0.22926317        0.22926317        0.22926317        0.22926317        0.22926317        0.22926317        0.22926317        0.22926317
        0.18036412        0.18036412        0.18036412        0.18036412        0.18036412        0.18036412        0.18036412        0.18036412        0.18036412        0.18036412        0.18036412        0.18036412        0.18036412        0.18036412        0.18036412        0.18036412        0.18036412        0.18036412        0.18036412        0.18036412
        0.13346134        0.13346134        0.13346134        0.13346134        0.13346134        0.13346134        0.13346134        0.13346134        0.13346134        0.13346134        0.13346134        0.13346134        0.13346134        0.13346134        0.13346134        0.13346134        0.13346134        0.13346134        0.13346134        0.13346134
        0.09685126        0.09685126        0.09685126        0.09685126        0.09685126        0.09685126        0.09685126        0.09685126        0.09685126        0.09685126        0.09685126        0.09685126        0.09685126        0.09685126        0.09685126        0.09685126        0.09685126        0.09685126        0.09685126        0.09685126
        0.08293085        0.08293085        0.08293085        0.08293085        0.08293085        0.08293085        0.08293085        0.08293085        0.08293085        0.08293085        0.08293085        0.08293085        0.08293085        0.08293085        0.08293085        0.08293085        0.08293085        0.08293085        0.08293085        0.08293085
        0.09685126        0.09685126        0.09685126        0.09685126        0.09685126        0.09685126        0.09685126        0.09685126        0.09685126        0.09685126        0.09685126        0.09685126        0.09685126        0.09685126        0.09685126        0.09685126        0.09685126        0.09685126        0.09685126        0.09685126
        0.13346134        0.13346134        0.13346134        0.13346134        0.13346134        0.13346134        0.13346134        0.13346134        0.13346134        0.13346134        0.13346134        0.13346134        0.13346134        0.13346134        0.13346134        0.13346134        0.13346134        0.13346134        0.13346134        0.13346134
        0.18036412        0.18036412        0.18036412        0.18036412        0.18036412        0.18036412        0.18036412        0.18036412        0.18036412        0.18036412        0.18036412        0.18036412        0.18036412        0.18036412        0.18036412        0.18036412        0.18036412        0.18036412        0.18036412        0.18036412
        0.22926317        0.22926317        0.22926317        0.22926317        0.22926317        0.22926317        0.22926317        0.22926317        0.22926317        0.22926317        0.22926317        0.22926317        0.22926317        0.22926317        0.22926317        0.22926317        0.22926317        0.22926317        0.22926317        0.22926317
        0.27869055        0.27869055        0.27869055        0.27869055        0.27869055        0.27869055        0.27869055        0.27869055        0.27869055        0.27869055        0.27869055        0.27869055        0.27869055        0.27869055        0.27869055        0.27869055        0.27869055        0.27869055        0.27869055        0.27869055
        0.32788277        0.32788277        0.32788277        0.32788277        0.32788277        0.32788277        0.32788277        0.32788277        0.32788277        0.32788277        0.32788277        0.32788277        0.32788277        0.32788277        0.32788277        0.32788277        0.32788277        0.32788277        0.32788277        0.32788277
        0.37576280        0.37576280        0.37576280        0.37576280        0.37576280        0.37576280        0.37576280        0.37576280        0.37576280        0.37576280        0.37576280        0.37576280        0.37576280        0.37576280        0.37576280        0.37576280        0.37576280        0.37576280        0.37576280        0.37576280
        0.41950429        0.41950429        0.41950429        0.41950429        0.41950429        0.41950429        0.41950429        0.41950429        0.41950429        0.41950429        0.41950429        0.41950429        0.41950429        0.41950429        0.41950429        0.41950429        0.41950429        0.41950429        0.41950429        0.41950429
        0.39451163        0.39451163        0.39451163        0.39451163        0.39451163        0.39451163        0.39451163        0.39451163        0.39451163        0.39451163        0.39451163        0.39451163        0.39451163        0.39451163        0.39451163        0.39451163        0.39451163        0.39451163        0.39451163        0.39451163
        6.01015273        8.17759160       11.57898924        9.88622783        7.70134748        8.72421270        7.56879195        7.87100234       11.72393815        9.84507207       10.34945388        7.12173165        7.86410120        6.83755897        7.17984280        8.06146186        9.07774140       11.36558196        9.66877308        8.42448074
       -0.64327337        0.01573195       -0.15558178       -0.39473084        0.51293864       -1.10149360        1.05884608        1.75272299       -0.62587562       -1.88440420        2.55688556       -1.43649073        0.29366529       -1.81745075        1.52729106        0.53940625       -0.01564094       -1.53576925       -1.23382044        0.94557805
        0.15976903       -0.45371943       -0.76931435       -1.55207762        0.04027363       -0.45801312        1.24338929       -0.48562705       -1.16300047        1.40469062        0.91099801       -1.75976477       -0.24642863       -0.79639982       -0.61370044       -0.62067699       -2.49984233       -3.99508100        0.84114719        0.74457191
       -0.87316742       -0.68592272        0.74139000       -1.30837482        0.44942336       -0.61908548       -0.41712803       -0.14867853        2.43075209       -2.67314070        2.30084244        0.44609011        1.17250108        0.64129314        0.14557088        0.21812291       -0.99363372        2.02735190       -1.28334190        1.03878027
       -1.03138824       -1.07527028       -0.84985031       -0.78935234        0.73828389       -0.02439010       -0.72251845       -0.39911113       -0.75838493        1.98406781        0.99789315        1.23353972        0.77998822       -1.07901111       -0.19406917        0.96816093        2.95791873        3.16571989        1.15685939        0.64527467
       -0.12995238        0.90256635        1.57739745        2.78703116        1.05018927        0.45467906       -0.53489698        0.25151724        0.96657130       -0.03311295       -0.02645225        0.12437072        1.11411394        0.39714761        0.16203274       -1.71802505       -1.01192933       -3.48478236       -0.63362867       -0.37063425
       -0.17708767        0.80204762        0.04650306        1.50926956        0.32246280        1.51642149        0.20156099        0.31080118       -0.04366427        0.88848167       -0.53376601       -1.53493434       -0.66838457       -1.18971333        0.55654754        1.66132080       -1.22766432        0.23160184        0.10638815        0.30512566
        0.67534527       -0.52395144       -1.57211858       -2.48364119       -0.29391250       -1.21423150        0.26301336       -1.53306224       -0.21457600       -0.79666786       -0.71745342       -0.29393594        0.18684234        0.26873128       -0.15291434        1.30026179        0.35733666        1.80204389       -0.12548814        1.82909761
        0.59350715        0.02614229       -0.02291418       -2.77240566        0.02547113       -1.05175968        1.13226685       -1.01757504        0.38819284       -0.76508364       -1.06963435        2.06120731        0.90143039        0.12001341       -0.41236265        0.81342917        2.76993187       -1.41679402       -1.73315115        0.17007993
       -0.81431004        0.73214719       -0.59111923        0.26842628        1.03067319       -0.33819569       -0.83187928        0.03441695       -0.05654104        0.26389807       -2.43780490        0.82998083        0.40834796       -0.38706999       -1.12777892       -1.95020759       -0.23045182       -1.05309356        1.33622352        1.61091404
        2.14394867        0.41750783       -0.21466004        0.52165250        2.51443999        1.33561726        0.00055307       -0.20409917       -2.09431584       -0.67590379       -3.35075580       -2.88987794        0.07136907        1.95166452       -1.55069114       -0.83207844       -2.43010363        1.45626008       -0.83962091        1.15901265
       -0.81431004        0.73214719       -0.59111923        0.26842628        1.03067319       -0.33819569       -0.83187928        0.03441695       -0.05654104        0.26389807       -2.43780490        0.82998083        0.40834796       -0.38706999       -1.12777892       -1.95020759       -0.23045182       -1.05309356        1.33622352        1.61091404
        0.59350715        0.02614229       -0.02291418       -2.77240566        0.02547113       -1.05175968        1.13226685       -1.01757504        0.38819284       -0.76508364       -1.06963435        2.06120731        0.90143039        0.12001341       -0.41236265        0.81342917        2.76993187       -1.41679402       -1.73315115        0.17007993
        0.67534527       -0.52395144       -1.57211858       -2.48364119       -0.29391250       -1.21423150        0.26301336       -1.53306224       -0.21457600       -0.79666786       -0.71745342       -0.29393594        0.18684234        0.26873128       -0.15291434        1.30026179        0.35733666        1.80204389       -0.12548814        1.82909761
       -0.17708767        0.80204762        0.04650306        1.50926956        0.32246280        1.51642149        0.20156099        0.31080118       -0.04366427        0.88848167       -0.53376601       -1.53493434       -0.66838457       -1.18971333        0.55654754        1.66132080       -1.22766432        0.23160184        0.10638815        0.30512566
       -0.12995238        0.90256635        1.57739745        2.78703116        1.05018927        0.45467906       -0.53489698        0.25151724        0.96657130       -0.03311295       -0.02645225        0.12437072        1.11411394        0.39714761        0.16203274       -1.71802505       -1.01192933       -3.48478236       -0.63362867       -0.37063425
       -1.03138824       -1.07527028       -0.84985031       -0.78935234        0.73828389       -0.02439010       -0.72251845       -0.39911113       -0.75838493        1.98406781        0.99789315        1.23353972        0.77998822       -1.07901111       -0.19406917        0.96816093        2.95791873        3.16571989        1.15685939        0.64527467
       -0.87316742       -0.68592272        0.74139000       -1.30837482        0.44942336       -0.61908548       -0.41712803       -0.14867853        2.43075209       -2.67314070        2.30084244        0.44609011        1.17250108        0.64129314        0.14557088        0.21812291       -0.99363372        2.02735190       -1.28334190        1.03878027
        0.15976903       -0.45371943       -0.76931435       -1.55207762        0.04027363       -0.45801312        1.24338929       -0.48562705       -1.16300047        1.40469062        0.91099801       -1.75976477       -0.24642863       -0.79639982       -0.61370044       -0.62067699       -2.49984233       -3.99508100        0.84114719        0.74457191
       -0.64327337        0.01573195       -0.15558178       -0.39473084        0.51293864       -1.10149360        1.05884608        1.75272299       -0.62587562       -1.88440420        2.55688556       -1.43649073        0.29366529       -1.81745075        1.52729106        0.53940625       -0.01564094       -1.53576925       -1.23382044        0.94557805
